Height,Width,Length,Depth,Category
1.5,0.3,0.6,0.2,small
1.4,0.2,0.5,0.3,small
1.6,0.4,0.7,0.3,small
1.3,0.2,0.4,0.2,small
1.7,0.5,0.8,0.4,small
1.6,0.3,0.7,0.2,small
1.5,0.2,0.6,0.2,small
1.4,0.3,0.5,0.2,small
1.4,0.2,0.5,0.3,small
1.5,0.4,0.6,0.2,small
1.6,0.3,0.7,0.3,small
1.5,0.2,0.6,0.2,small
1.3,0.3,0.4,0.2,small
1.2,0.2,0.3,0.1,small
1.8,0.4,0.8,0.3,small
1.5,0.4,0.6,0.2,small
1.4,0.3,0.5,0.2,small
1.5,0.3,0.6,0.3,small
1.3,0.3,0.4,0.2,small
1.7,0.3,0.8,0.3,small
1.5,0.4,0.6,0.2,small
1.4,0.3,0.5,0.2,small
1.5,0.5,0.7,0.4,small
1.4,0.2,0.6,0.2,small
1.6,0.3,0.7,0.4,small
1.5,0.2,0.6,0.3,small
1.6,0.4,0.7,0.2,small
1.6,0.2,0.7,0.3,small
1.5,0.3,0.6,0.2,small
1.4,0.2,0.5,0.2,small
1.4,0.3,0.6,0.2,small
1.5,0.2,0.5,0.2,small
1.5,0.4,0.6,0.2,small
1.5,0.2,0.5,0.3,small
1.5,0.3,0.5,0.2,small
1.3,0.3,0.4,0.2,small
1.4,0.2,0.6,0.2,small
1.3,0.2,0.5,0.3,small
1.6,0.6,0.7,0.4,small
1.7,0.4,0.8,0.5,small
1.5,0.3,0.6,0.2,small
1.6,0.4,0.7,0.3,small
1.6,0.2,0.7,0.3,small
1.5,0.3,0.6,0.2,small
1.7,0.5,0.7,0.4,small
1.5,0.2,0.6,0.2,small
1.4,0.3,0.5,0.2,small
1.5,0.4,0.7,0.3,small
1.5,0.3,0.7,0.2,small
1.5,0.4,0.6,0.2,small
1.6,0.3,0.7,0.4,small
1.4,0.2,0.5,0.3,small
1.5,0.5,0.6,0.3,small
4.7,1.4,3.2,0.2,medium
4.9,1.5,3.1,0.2,medium
5.0,1.5,3.6,0.2,medium
5.4,1.7,3.9,0.4,medium
4.6,1.3,3.4,0.3,medium
5.0,1.6,3.4,0.4,medium
4.4,1.4,2.9,0.2,medium
4.9,1.5,3.1,0.1,medium
5.4,1.5,3.7,0.2,medium
4.8,1.6,3.4,0.2,medium
4.8,1.4,3.0,0.1,medium
4.3,1.1,3.0,0.1,medium
5.8,1.2,4.0,0.2,medium
5.7,1.5,4.4,0.4,medium
5.1,1.4,3.5,0.3,medium
5.7,1.7,3.8,0.3,medium
5.1,1.5,3.8,0.3,medium
5.4,1.7,3.4,0.2,medium
5.1,1.5,3.7,0.4,medium
